振幅,周期,总时长,ln_theta
143,1.5657,1.5657,4.963
114,1.5671,3.1328,4.736
91,1.5680,4.7008,4.511
73,1.5689,6.2697,4.290
58,1.5696,7.8393,4.060
46,1.5698,9.4091,3.829
37,1.5699,10.9790,3.611
29,1.5698,12.5488,3.367
24,1.5697,14.1185,3.178