振幅 θi(°),周期 Td(s),总时长 t(s),ln θi
149,1.5643,1.5643,5.004
127,1.5655,3.1298,4.844
109,1.5664,4.6962,4.691
93,1.5672,6.2634,4.533
80,1.5679,7.8313,4.382
68,1.5684,9.3997,4.220
58,1.5688,10.9685,4.060
50,1.5689,12.5374,3.912
42,1.5690,14.1064,3.738
36,1.5691,15.6755,3.584
31,1.5691,17.2447,3.437
26,1.5691,18.8138,3.293
22,1.5692,20.3830,3.091